<<<<<<< Updated upstream
[1, 1544, 600]
[2, 599, 594]
[3, 99, 242]
[4, 24, 166]
[5, 102, 244]
[1, 931, 277]
[2, 338, 169]
[3, 382, 228]
[4, 6428, 931]
[5, 13267, 919]
[6, 141, 163]
[7, 2924, 673]
[8, 7558, 757]
[9, 6037, 1219]
[10, 3711, 681]
[11, 6933, 723]
[12, 1341, 265]
[13, -14, 159]
[1, 1663, 722]
[2, 315, 177]
[3, 1772, 722]
[1, 112, 271]
[1, 1064, 1134]
[2, 802, 898]
[3, 197, 265]
[4, 805, 898]
[5, 52, 184]
[6, 848, 939]
[7, 224, 293]
[8, 185, 238]
[1, 607, 729]
[2, 105, 186]
[3, 42, 193]
[4, 2397, 437]
=======
[1, 166, 223]
[2, 642, 706]
[3, 240, 300]
[4, 769, 826]
[5, 257, 310]
[6, 194, 261]
[7, 200, 248]
[8, 843, 898]
[9, 266, 316]
[10, 252, 307]
[11, 818, 871]
[12, 223, 278]
[13, 641, 691]
[14, 848, 899]
[15, 1443, 1504]
[16, 845, 898]
[17, 851, 898]
[18, 1126, 1179]
[19, 848, 898]
[20, 225, 294]
[21, 617, 677]
[22, 1072, 1122]
[23, 239, 295]
[24, 1070, 1123]
[25, 846, 899]
[26, 638, 688]
[27, 240, 304]
[28, 806, 869]
[29, 846, 898]
[30, 239, 296]
[31, 234, 287]
[32, 848, 904]
[33, 190, 242]
[34, 840, 898]
[35, 160, 224]
[36, 750, 811]
[37, 177, 235]
[38, 784, 839]
[39, 254, 308]
[40, 834, 886]
[41, 208, 261]
[42, 246, 305]
[43, 848, 899]
[44, 791, 854]
[45, 809, 868]
[46, 1074, 1125]
[47, 1082, 1139]
[48, 231, 288]
[49, 846, 899]
[50, 245, 299]
[51, 241, 304]
[52, 241, 294]
[53, 233, 292]
[54, 231, 288]
[55, 633, 688]
[56, 1071, 1127]
[57, 249, 304]
[58, 203, 260]
[59, 593, 642]
[60, 182, 237]
[61, 219, 271]
[62, 1363, 1411]
[63, 156, 208]
[64, 756, 810]
[65, 254, 308]
[66, 641, 696]
[67, 658, 708]
[68, 1590, 1648]
[69, 206, 256]
[70, 222, 281]
[71, 762, 827]
[72, 224, 284]
[73, 628, 680]
[74, 608, 669]
[75, 1074, 1124]
[76, 848, 899]
[77, 216, 268]
[78, 234, 285]
[79, 628, 682]
[80, 224, 291]
[81, 813, 872]
[82, 146, 232]
[83, 602, 655]
[84, 254, 311]
[85, 235, 287]
[86, 654, 704]
[87, 1073, 1137]
[88, 173, 258]
[89, 219, 274]
[90, 234, 289]
[91, 597, 657]
[92, 837, 898]
[93, 810, 859]
[94, 211, 264]
[95, 225, 288]
[96, 176, 917]
[97, 779, 843]
[98, 218, 271]
[99, 775, 830]
[100, 1354, 1408]
[101, 210, 267]
[102, 245, 303]
[103, 610, 663]
[104, 210, 260]
[105, 1372, 1434]
[106, 254, 308]
[107, 194, 250]
[108, 168, 224]
[109, 810, 862]
[110, 1078, 1135]
[111, 208, 258]
[112, 602, 649]
[113, 851, 898]
[114, 619, 672]
[115, 623, 674]
[116, 840, 898]
[117, 661, 722]
[118, 183, 238]
[119, 248, 308]
[120, 230, 285]
[121, 616, 675]
[122, 252, 307]
[123, 593, 640]
[124, 197, 250]
[125, 845, 898]
[126, 206, 264]
[127, 851, 898]
[128, 208, 262]
[129, 727, 782]
[130, 613, 672]
[131, 1369, 1434]
[132, 1466, 1520]
[133, 215, 265]
[134, 786, 843]
[135, 837, 898]
[136, 252, 308]
[137, 642, 704]
[138, 1086, 1152]
[139, 625, 684]
[140, 196, 243]
[141, 612, 670]
[142, 1076, 1136]
[143, 198, 278]
[144, 846, 898]
[145, 827, 899]
[146, 261, 314]
[147, 1083, 1139]
[148, 237, 288]
[149, 838, 898]
[150, 632, 682]
[151, 244, 302]
[152, 123, 242]
[153, 258, 311]
[154, 801, 858]
[155, 242, 297]
[156, 628, 682]
[157, 1072, 1122]
[158, 227, 280]
[159, 1072, 1129]
[160, 640, 703]
[161, 639, 689]
[162, 229, 277]
[163, 764, 816]
[164, 229, 283]
[165, 247, 299]
[166, 841, 898]
[167, 1133, 1181]
[168, 612, 668]
[169, 186, 244]
[170, 200, 259]
[171, 239, 297]
[172, 1431, 1483]
[173, 1065, 1122]
[174, 261, 311]
[175, 643, 698]
[176, 848, 898]
[177, 253, 305]
[178, 1459, 1511]
[179, 223, 297]
[180, 254, 308]
[181, 221, 273]
[182, 593, 646]
[183, 734, 797]
[184, 734, 796]
[185, 632, 694]
[186, 598, 658]
[187, 1153, 1206]
[188, 622, 682]
[189, 596, 656]
[190, 672, 722]
[191, 250, 303]
[192, 205, 257]
[193, 226, 273]
[194, 672, 723]
[195, 1081, 1139]
[196, 775, 831]
[197, 675, 723]
[198, 198, 256]
[199, 1358, 1411]
[200, 788, 849]
[201, 606, 670]
[202, 670, 722]
[203, 773, 837]
[204, 241, 302]
[205, 1723, 1779]
[206, 1075, 1127]
[207, 198, 253]
[208, 836, 898]
[209, 672, 722]
[210, 256, 308]
[211, 597, 653]
[212, 672, 722]
[213, 252, 307]
[214, 193, 244]
[215, 758, 813]
[216, 623, 675]
[217, 765, 823]
[218, 245, 298]
[219, 207, 259]
[220, 199, 246]
[221, 845, 898]
[222, 773, 826]
[223, 216, 277]
[224, 802, 852]
[225, 1078, 1137]
[226, 648, 712]
[227, 618, 672]
[228, 238, 294]
[229, 734, 790]
[230, 239, 307]
[231, 770, 3266]
[232, 242, 292]
[233, 252, 306]
[234, 1337, 1389]
[235, 257, 309]
[236, 1455, 1521]
[237, 604, 661]
[238, 254, 309]
[239, 645, 699]
[240, 242, 297]
[241, 164, 229]
[242, 758, 817]
[243, 767, 817]
[244, 252, 307]
[245, 655, 707]
[246, 197, 260]
[247, 642, 701]
[248, 207, 257]
[249, 255, 308]
[250, 666, 723]
[251, 194, 259]
[252, 616, 671]
[253, 643, 722]
[254, 252, 308]
[255, 1078, 1128]
[256, 255, 308]
[257, 200, 259]
[258, 245, 297]
[259, 846, 898]
[260, 615, 674]
[261, 165, 217]
[262, 782, 840]
[263, 213, 264]
[264, 756, 813]
[265, 189, 239]
[266, 220, 270]
[267, 842, 899]
[268, 1350, 1413]
[269, 799, 861]
[270, 221, 273]
[271, 195, 254]
[272, 750, 805]
[273, 779, 827]
[274, 248, 304]
[275, 802, 898]
[276, 837, 898]
[277, 247, 302]
[278, 629, 697]
[279, 1354, 1411]
[280, 675, 722]
[281, 648, 701]
[282, 675, 722]
[283, 609, 669]
[284, 626, 685]
[285, 644, 699]
[286, 661, 722]
[287, 186, 238]
[288, 622, 686]
[289, 768, 824]
[290, 216, 273]
[291, 192, 243]
[292, 636, 688]
[293, 231, 301]
[294, 1340, 1397]
[295, 215, 266]
[296, 254, 311]
[297, 617, 666]
[298, 211, 267]
[299, 187, 242]
[300, 193, 258]
[301, 807, 860]
[302, 780, 846]
[303, 1075, 1139]
[304, 759, 820]
[305, 611, 673]
[306, 782, 834]
[307, 620, 693]
[308, 788, 840]
[309, 222, 273]
[310, 224, 280]
[311, 623, 673]
[312, 657, 707]
[313, 838, 898]
[314, 248, 305]
[315, 198, 246]
[316, 627, 700]
[317, 795, 854]
[318, 669, 722]
[319, 173, 226]
[320, 223, 288]
[321, 632, 696]
[322, 213, 268]
[323, 251, 308]
[324, 220, 284]
[325, 757, 812]
[326, 1343, 1403]
[327, 739, 791]
[328, 802, 855]
[329, 644, 701]
[330, 245, 309]
[331, 1078, 1134]
[332, 843, 898]
[333, 259, 311]
[334, 258, 307]
[335, 231, 287]
[336, 675, 722]
[337, 237, 286]
[338, 637, 706]
[339, 649, 698]
[340, 655, 708]
[341, 670, 722]
[342, 640, 698]
[343, 645, 702]
[344, 2704, 2771]
[345, 231, 289]
[346, 202, 259]
[347, 618, 670]
[348, 611, 670]
[349, 607, 659]
[350, 185, 255]
[351, 255, 308]
[352, 805, 858]
[353, 620, 671]
[354, 848, 898]
[355, 616, 671]
[356, 633, 693]
[357, 648, 706]
[358, 239, 298]
[359, 247, 312]
[360, 197, 245]
[361, 173, 227]
[362, 643, 695]
[363, 764, 822]
[364, 632, 684]
[365, 612, 668]
[366, 650, 702]
[367, 214, 270]
[368, 161, 224]
[369, 624, 679]
[370, 233, 294]
[371, 756, 811]
[372, 190, 241]
[373, 650, 706]
[374, 246, 303]
[375, 241, 292]
[376, 202, 254]
[377, 616, 669]
[378, 783, 841]
[379, 227, 283]
[380, 235, 300]
[381, 251, 308]
[382, 173, 241]
[383, 230, 295]
[384, 251, 304]
[385, 612, 666]
[386, 607, 659]
[387, 251, 303]
[388, 1345, 1408]
[389, 254, 306]
[390, 1075, 1124]
[391, 233, 289]
[392, 242, 298]
[393, 644, 696]
[394, 242, 301]
[395, 642, 694]
[396, 1346, 1410]
[397, 243, 309]
[398, 198, 268]
[399, 194, 244]
[400, 1352, 1406]
[401, 1068, 1132]
[402, 1161, 1212]
[403, 672, 722]
>>>>>>> Stashed changes
