[1, 201, 241]
[2, 781, 723]
[3, 143, 185]
[4, 186, 227]
[5, 982, 727]
[6, 814, 754]
[7, 463, 304]
[8, 875, 814]
[9, 1316, 857]
[10, 1358, 899]
[11, 837, 722]
[12, 674, 723]
[13, 248, 290]
[14, 1993, 1136]
[15, 1782, 723]
[16, 1358, 898]
[17, 443, 285]
[18, 664, 706]
[19, 1382, 1123]
[20, 906, 646]
[21, 713, 654]
[22, 882, 722]
[23, 1466, 1107]
[24, 1443, 884]
[25, 180, 220]
[26, 929, 670]
[27, 1273, 1122]
[28, 1158, 898]
[29, 250, 292]
[30, 970, 810]
[31, 681, 727]
[32, 1004, 846]
[33, 236, 278]
[34, 980, 722]
[35, 625, 667]
[36, 1358, 899]
[37, 1165, 807]
[38, 2506, 899]
[39, 882, 722]
[40, 443, 285]
[41, 251, 293]
[42, 1387, 1128]
[43, 1153, 898]
[44, 2326, 1117]
[45, 1258, 898]
[46, 882, 723]
[47, 249, 291]
[48, 244, 286]
[49, 254, 295]
[50, 1252, 793]
[51, 880, 723]
[52, 241, 284]
[53, 782, 725]
[54, 782, 723]
[55, 883, 722]
[56, 753, 795]
[57, 255, 296]
[58, 1233, 874]
[59, 453, 292]
[60, 624, 666]
[61, 682, 723]
[62, 770, 722]
[63, 1030, 872]
[64, 2358, 898]
[65, 953, 695]
[66, 451, 293]
[67, 244, 286]
[68, 244, 285]
[69, 243, 285]
[70, 241, 282]
[71, 1458, 899]
[72, 1258, 898]
[73, 882, 723]
[74, 1558, 899]
[75, 782, 722]
[76, 252, 293]
[77, 1224, 865]
[78, 1658, 898]
[79, 1078, 723]
[80, 1057, 899]
[81, 85, 208]
[82, 1079, 725]
[83, 1246, 898]
[84, 179, 220]
[85, 209, 250]
[86, 1081, 723]
[87, 2681, 1123]
[88, 253, 294]
[89, 1158, 909]
[90, 243, 284]
[91, 458, 299]
[92, 774, 722]
[93, 254, 296]
[94, 782, 723]
[95, 760, 702]
[96, 779, 724]
[97, 1458, 898]
[98, 1558, 901]
[99, 645, 686]
[100, 194, 236]
[101, 736, 722]
[102, 1158, 899]
[103, 782, 723]
[104, 1358, 898]
[105, 206, 247]
[106, 882, 723]
[107, 1881, 723]
[108, 178, 243]
[109, 250, 293]
[110, 782, 725]
[111, 751, 692]
[112, 1243, 898]
[113, 1158, 899]
[114, 1152, 694]
[115, 782, 723]
[116, 782, 723]
[117, 781, 726]
[118, 977, 723]
[119, 244, 286]
[120, 1099, 841]
[121, 1258, 898]
[122, 1058, 898]
[123, 247, 288]
[124, 210, 250]
[125, 680, 723]
