[1, 454, 434]
[2, 134, 273]
[3, 1903, 623]
[4, -71, 144]
[5, 37, 177]
[6, 754, 594]
[7, 22, 163]
[8, 40, 181]
[9, 1804, 594]
[10, 812, 465]
[11, 951, 595]
[12, 729, 595]
[13, 1853, 595]
[14, 955, 595]
[15, 610, 596]
[16, 554, 595]
[17, 606, 722]
[18, -19, 183]
[19, 315, 262]
[20, 1554, 623]
[21, 941, 597]
[22, -10, 188]
[23, 954, 600]
[24, 2110, 722]
[25, 44, 186]
[26, -23, 191]
[27, 554, 596]
[28, 1768, 608]
[29, 1815, 456]
[30, 1804, 595]
[31, 18, 160]
[32, 455, 596]
[33, 445, 595]
[34, 751, 595]
[35, 454, 595]
[36, 83, 242]
[37, 4, 158]
[38, -33, 184]
[39, 780, 722]
[40, 2096, 595]
[41, 21, 170]
[42, 554, 594]
[43, 880, 722]
[44, 145, 285]
[45, 553, 595]
[46, 24, 168]
[47, 34, 180]
[48, 90, 230]
[49, 752, 595]
[50, 753, 597]
[51, 35, 176]
[52, 115, 256]
[53, 555, 595]
[54, 137, 279]
[55, 654, 595]
[56, 138, 279]
[57, 976, 722]
[58, 1753, 595]
[59, 33, 174]
[60, 654, 595]
[61, 1853, 594]
[62, 10, 171]
[63, 842, 723]
[64, 754, 602]
[65, 553, 595]
[66, 555, 595]
[67, 1804, 595]
[68, 710, 722]
[69, 631, 674]
[70, 554, 594]
[71, 1805, 594]
[72, 755, 595]
[73, 554, 594]
[74, 554, 594]
[75, 775, 722]
[76, 454, 594]
[77, 104, 245]
[78, 510, 651]
[79, 553, 595]
[80, 2073, 723]
[81, 555, 595]
[82, 455, 595]
[83, 454, 594]
[84, -88, 154]
[85, 754, 594]
[86, -45, 180]
[87, 538, 595]
[88, 39, 180]
[89, 754, 595]
[90, 855, 595]
[91, 598, 642]
[92, 1454, 595]
[93, 454, 595]
[94, 755, 595]
[95, -11, 215]
[96, 1854, 595]
[97, 100, 241]
[98, 707, 722]
[99, 42, 182]
[100, 753, 596]
[101, -27, 196]
[102, 554, 595]
[103, -72, 152]
[104, 914, 722]
[105, 954, 594]
[106, 751, 595]
[107, 555, 609]
[108, 614, 722]
[109, 553, 597]
[110, 656, 697]
[111, 554, 595]
[112, 153, 295]
[113, 17, 246]
[114, 153, 295]
[115, 781, 723]
[116, 63, 216]
[117, 157, 298]
[118, 116, 258]
[119, 150, 292]
[120, 554, 595]
[121, 766, 722]
[122, 554, 610]
[123, 545, 595]
[124, 148, 289]
[125, 677, 723]
[126, 828, 668]
[127, 552, 595]
[128, 782, 723]
[129, 630, 722]
[130, 1800, 594]
[131, 653, 595]
[132, 522, 594]
[133, 116, 258]
[134, 117, 257]
[135, 126, 268]
[136, 128, 269]
[137, 98, 243]
[138, 699, 641]
[139, 555, 595]
[140, -8, 153]
[141, 662, 723]
[142, 90, 246]
[143, 1624, 722]
[144, 75, 215]
[145, 454, 615]
[146, 760, 722]
[147, 1904, 595]
[148, 118, 257]
[149, 554, 595]
[150, 454, 604]
[151, 860, 722]
[152, 554, 594]
[153, 821, 663]
[154, 553, 620]
[155, 554, 594]
[156, 1751, 595]
[157, 441, 628]
[158, 112, 254]
[159, 61, 220]
[160, 1804, 595]
[161, 654, 596]
[162, 454, 594]
[163, 782, 722]
[164, 137, 279]
[165, 678, 722]
[166, 453, 598]
[167, 654, 595]
[168, 554, 723]
[169, 142, 283]
[170, 855, 595]
[171, 115, 256]
[172, 136, 278]
[173, 15, 251]
[174, 755, 595]
[175, 554, 596]
[176, 144, 285]
[177, 554, 594]
[178, 982, 722]
[179, 631, 672]
[180, 1554, 595]
[181, 751, 595]
[182, 554, 595]
[183, 454, 595]
[184, 27, 167]
[185, 154, 296]
[186, 703, 722]
[187, 162, 304]
[188, 555, 594]
[189, 654, 595]
[190, -5, 242]
[191, 62, 221]
