[1, 163, 213]
[2, 155, 206]
[3, 2122, 824]
[4, 865, 722]
[5, 2223, 723]
[6, 972, 723]
[7, 149, 236]
[8, 854, 722]
[9, 1031, 722]
[10, 43, 169]
[11, 771, 722]
[12, 814, 666]
[13, 742, 723]
[14, 772, 723]
[15, 2448, 898]
[16, 748, 728]
[17, 125, 181]
[18, 150, 201]
[19, 1073, 722]
[20, 757, 723]
[21, 170, 229]
[22, 2020, 595]
[23, 772, 722]
[24, 131, 199]
[25, 87, 211]
[26, 2038, 644]
[27, 2121, 722]
[28, 990, 723]
[29, 67, 151]
[30, 773, 725]
[31, 972, 723]
[32, 1072, 722]
[33, 56, 200]
[34, 705, 722]
[35, 63, 217]
[36, 1693, 723]
[37, 208, 257]
[38, 1039, 727]
[39, 972, 724]
[40, 101, 223]
[41, 2072, 723]
[42, 767, 723]
[43, 1072, 723]
[44, 644, 594]
[45, 772, 723]
[46, 131, 182]
[47, 125, 199]
[48, 769, 723]
[49, 166, 217]
[50, 1041, 723]
[51, 195, 249]
[52, 159, 211]
[53, 1068, 722]
[54, 665, 723]
[55, 107, 170]
[56, 661, 722]
[57, 772, 722]
[58, 772, 722]
[59, 22, 141]
[60, 1773, 722]
[61, 1544, 595]
[62, 845, 722]
[63, 973, 723]
[64, 2322, 723]
[65, 211, 262]
[66, 98, 151]
[67, 873, 724]
[68, 182, 233]
[69, 771, 723]
[70, 174, 237]
[71, 1071, 723]
[72, 1972, 723]
[73, 863, 722]
[74, 648, 699]
[75, 972, 723]
[76, 917, 668]
[77, 188, 240]
[78, 772, 723]
[79, 772, 723]
[80, 2071, 723]
[81, 972, 723]
[82, 544, 620]
[83, 1048, 898]
[84, 745, 595]
[85, 418, 269]
[86, 773, 723]
[87, 772, 722]
[88, 871, 722]
[89, 2222, 724]
[90, 620, 723]
[91, 931, 753]
[92, 1872, 722]
[93, 1872, 722]
[94, 182, 246]
[95, 120, 180]
[96, 196, 246]
[97, 130, 183]
[98, 215, 268]
[99, 972, 722]
[100, 1142, 723]
[101, 1938, 723]
[102, 1172, 723]
[103, 43, 172]
[104, 241, 293]
[105, 871, 723]
[106, 760, 722]
[107, 966, 722]
[108, 867, 723]
[109, 216, 267]
[110, 179, 232]
[111, 673, 723]
[112, 180, 232]
[113, 436, 287]
[114, 164, 214]
[115, 448, 297]
[116, 151, 201]
[117, 968, 722]
[118, 869, 723]
[119, 919, 670]
[120, 442, 293]
[121, 82, 242]
[122, 83, 154]
[123, 915, 666]
[124, 50, 139]
[125, 1346, 898]
[126, 938, 722]
[127, 226, 276]
[128, 141, 241]
[129, 182, 233]
[130, 2122, 722]
[131, 246, 297]
[132, 1072, 723]
[133, 960, 722]
[134, 872, 722]
[135, 772, 723]
[136, 168, 218]
[137, 220, 271]
[138, 153, 202]
[139, 61, 184]
[140, 196, 246]
[141, 112, 163]
[142, 179, 230]
[143, 1072, 722]
[144, 434, 285]
[145, 189, 241]
[146, 872, 723]
[147, 182, 240]
[148, 737, 687]
[149, 871, 723]
[150, 1071, 722]
[151, 37, 175]
[152, 816, 723]
[153, 1747, 723]
[154, 873, 722]
[155, 872, 722]
[156, 1917, 868]
[157, 172, 243]
[158, 2071, 723]
[159, 243, 294]
[160, 862, 723]
